Year Temperature en K CO2 Concentration ppm
2007 288.450000 373.650000
2008 288.996407 377.300000
2009 289.542312 380.950000
2010 290.087653 384.600000
2011 290.632366 388.250000
2012 291.176388 391.900000
2013 291.719657 395.550000
2014 292.262111 399.200000
2015 292.803688 402.850000
2016 293.344324 406.500000
2017 293.883960 410.150000
2018 294.422532 413.800000
2019 294.959980 417.450000
2020 295.496244 421.100000
2021 296.031261 424.750000
2022 296.564973 428.400000
2023 297.097318 432.050000
2024 297.628238 435.700000
2025 298.157673 439.350000
2026 298.685564 443.000000
2027 299.211853 446.650000
2028 299.736482 450.300000
2029 300.259393 453.950000
2030 300.780529 457.600000
2031 301.299833 461.250000
2032 301.817249 464.900000
2033 302.332722 468.550000
2034 302.846196 472.200000
2035 303.357617 475.850000
2036 303.866931 479.500000
2037 304.374083 483.150000
2038 304.879023 486.800000
2039 305.381696 490.450000
2040 305.882052 494.100000
2041 306.380039 497.750000
2042 306.875607 501.400000
2043 307.368706 505.050000
2044 307.859287 508.700000
2045 308.347302 512.350000
2046 308.832703 516.000000
2047 309.315443 519.650000
2048 309.795477 523.300000
2049 310.272757 526.950000
2050 310.747240 530.600000
2051 311.218882 534.250000
2052 311.687639 537.900000
2053 312.153470 541.550000
2054 312.616331 545.200000
2055 313.076184 548.850000
2056 313.532987 552.500000
2057 313.986702 556.150000
2058 314.437290 559.800000
2059 314.884714 563.450000
2060 315.328937 567.100000
2061 315.769924 570.750000
2062 316.207640 574.400000
2063 316.642051 578.050000
2064 317.073124 581.700000
2065 317.500827 585.350000
2066 317.925129 589.000000
2067 318.345999 592.650000
2068 318.763409 596.300000
2069 319.177330 599.950000
2070 319.587735 603.600000
2071 319.994598 607.250000
2072 320.397892 610.900000
2073 320.797595 614.550000
2074 321.193681 618.200000
2075 321.586130 621.850000
2076 321.974918 625.500000
2077 322.360027 629.150000
2078 322.741437 632.800000
2079 323.119129 636.450000
2080 323.493086 640.100000
2081 323.863291 643.750000
2082 324.229730 647.400000
2083 324.592389 651.050000
2084 324.951253 654.700000
2085 325.306311 658.350000
2086 325.657552 662.000000
2087 326.004965 665.650000
2088 326.348542 669.300000
2089 326.688276 672.950000
2090 327.024158 676.600000
2091 327.356183 680.250000
2092 327.684347 683.900000
2093 328.008646 687.550000
2094 328.329077 691.200000
2095 328.645639 694.850000
2096 328.958331 698.500000
2097 329.267154 702.150000
2098 329.572110 705.800000
2099 329.873201 709.450000
2100 330.170431 713.100000
2101 330.463806 716.750000
2102 330.753331 720.400000
2103 331.039014 724.050000
2104 331.320862 727.700000
2105 331.598884 731.350000
2106 331.873091 735.000000
2107 332.143495 738.650000
